# k in h/Mpc
6.905920419913238149e-03
1.051689267851954775e-02
1.601597251143645206e-02
2.439041486189215402e-02
3.714369119392642304e-02
5.656540912985262570e-02
8.614236784713538708e-02
1.311845463943614176e-01
1.997784091938755446e-01
3.042386765591701403e-01
4.633191979452048193e-01
7.055798480731252376e-01
1.074513907938199564e+00
1.636356454206672417e+00
2.491975604449633508e+00
3.794981464587300568e+00
5.779303894807553021e+00
8.801190156055211489e+00
1.340316231382786327e+01
2.041141673177234495e+01
3.108415187722145134e+01
4.733745386826321777e+01
