# error on P(k) in (Mpc/h)^3
2.448139523395524520e+03
6.941484868452031378e+02
3.518818256926435879e+02
1.867215169070921092e+02
9.009549206744875960e+01
4.499600102073600283e+01
2.214890818235127057e+01
1.068140398555491899e+01
4.464754613427325936e+00
1.475729009171742767e+00
6.636861834130483029e-01
2.979580230535200380e-01
1.345135156351352224e-01
4.180025785386342480e-02
1.408101465516619147e-02
6.486495028348342878e-03
3.536418268256544956e-03
1.798533335851598865e-03
1.336036863182162547e-03
1.120412131571937473e-03
1.406007852960476688e-03
3.389768664325204257e-03
