# P(k) in (Mpc/h)^3
1.808427300334133906e+04
2.214657492277867641e+04
2.426258524565825064e+04
2.228146471837372519e+04
1.621778316341727623e+04
1.119472559304424794e+04
7.246775469791605246e+03
4.013581250567881852e+03
1.973608676327447711e+03
8.651902529729682101e+02
3.739055859709367837e+02
1.507455888829585717e+02
5.815358041492208230e+01
2.160953799431646871e+01
7.786405669928657680e+00
2.734642869533871146e+00
9.399947818281041423e-01
3.172788729933097573e-01
1.054355089677036783e-01
3.456784228465967224e-02
1.123408120841018834e-02
3.650650046026326489e-03
