# error on P(k) in (Mpc/h)^3
2.632175666929970816e+02
8.181021590478728456e+01
4.981835680234152619e+01
1.897090705549951650e+01
9.173003270956298749e+00
1.558612435924747786e+01
5.898715107483729625e+00
5.720750938675552177e+00
4.801322218693052868e+00
3.428127839729460113e+00
3.698936108506094556e+00
3.127219810128067490e+00
2.424581562493838494e+00
3.735507177522234379e+00
4.572269667568962248e+00
3.675056820677179203e+00
5.556593865165949886e+00
1.889952192073783399e+00
1.335011838679237073e+01
