# error on P(k) in (Mpc/h)^3
2.289666550638797617e+03
1.617350470337189336e+03
1.224400842246723414e+03
1.005184155212115115e+03
8.815840900356938619e+02
7.985757187636625076e+02
7.187412218411504909e+02
6.350710097737018032e+02
5.627958268275215232e+02
4.904696017845794245e+02
4.269148647369862033e+02
3.662153289659926259e+02
3.276165929142654250e+02
2.983716551672881110e+02
2.801278855116891577e+02
2.680818830917891091e+02
2.599744493862934860e+02
2.511612371188935811e+02
2.397341713364936879e+02
2.258795450367953208e+02
2.113207780523442239e+02
1.952304992441934530e+02
1.820328193668971721e+02
1.716451025684175704e+02
1.625779042405463031e+02
1.545423188365657836e+02
1.474905244490039706e+02
1.402308408443156509e+02
1.341209244389731339e+02
1.285517459420776163e+02
1.230008475620742416e+02
1.178544483225637265e+02
1.131609436442375909e+02
1.105664550802214023e+02
1.077525047088450378e+02
1.065373055628779042e+02
1.050279603413562626e+02
1.025421604445426027e+02
9.925308052312151119e+01
9.482990570803715968e+01
9.058569630867195599e+01
8.643157601639178722e+01
8.221232598866056662e+01
7.837836016912761750e+01
7.565322038350556966e+01
