# k in h/Mpc
3.285323826500297084e-02
3.882664884135472727e-02
4.479991087344029066e-02
5.077317290552585405e-02
5.674658348187761048e-02
6.271984551396315999e-02
6.869310754604873726e-02
7.466651812240047981e-02
8.063978015448604320e-02
8.661319073083779962e-02
9.258645276292336301e-02
9.855971479500892640e-02
1.045331253713606690e-01
1.105063874034462323e-01
1.164797979797980026e-01
1.224530600118835660e-01
1.284263220439691155e-01
1.343997326203208720e-01
1.403729946524064354e-01
1.463462566844919988e-01
1.523202614379084996e-01
1.582932263814617047e-01
1.642661913250148820e-01
1.702391562685680593e-01
1.762136066547831392e-01
1.821865715983363165e-01
1.881595365418895216e-01
1.941325014854426989e-01
2.001054664289958762e-01
2.060799168152109562e-01
2.120528817587641335e-01
2.180258467023173108e-01
2.239988116458705159e-01
2.299732620320855958e-01
2.359462269756387731e-01
2.419191919191919504e-01
2.478921568627451277e-01
2.538666072489602077e-01
2.598395721925134128e-01
2.658125371360665623e-01
2.717855020796197674e-01
2.777599524658348473e-01
2.837329174093880524e-01
2.897058823529412019e-01
2.956788472964944070e-01
