# P(k) in (Mpc/h)^3
2.019681862471487693e+04
1.628711522070107640e+04
1.241066383266717094e+04
1.163414815217242358e+04
1.122223289447827119e+04
1.019391733700521218e+04
9.206642930082920429e+03
9.994518910371478341e+03
8.862774059853656581e+03
7.237193197848558157e+03
6.526422207638323016e+03
5.663310247469798014e+03
5.225984019434380571e+03
4.586429340586905710e+03
4.453860997710371521e+03
4.350018124000050193e+03
4.174669330550870654e+03
3.703875998377351152e+03
3.702280006063873770e+03
3.304368847773308971e+03
3.100929878190720956e+03
2.872403846739889559e+03
2.566653098913653594e+03
2.463336363153994625e+03
2.508918233119648903e+03
2.262750646050680189e+03
2.179690749518829307e+03
2.120853011156246794e+03
1.909356033631268247e+03
1.795978996307633679e+03
1.796096182921440231e+03
1.685333005437414613e+03
1.513399741016051166e+03
1.503858532236044084e+03
1.481415013802834437e+03
1.403011695734299337e+03
1.318907634089682688e+03
1.256767029957390150e+03
1.251230494900006761e+03
1.167875535824360668e+03
1.124585705831180348e+03
1.049988205548852875e+03
1.030278630606863771e+03
9.657098609479060087e+02
9.240099361909929030e+02
