# k in h/Mpc
6.620108291421580859e-03
9.476434259793543174e-03
1.356515669034543715e-02
1.941800797525213701e-02
2.779614289271832225e-02
3.978912567638816233e-02
5.695662625572959353e-02
8.153125305691172331e-02
1.167089004742706687e-01
1.670643702778036588e-01
2.391463179149062313e-01
3.423288956056710353e-01
4.900308471748954786e-01
7.014605961266909828e-01
1.004114273122071133e+00
1.437351547691733122e+00
2.057514295885980005e+00
2.945253779128433891e+00
4.216019223203020694e+00
6.035071821782828749e+00
