# error on P_lin(k) [(Mpc/h)^3]
1.523229095561398753e+04
2.847460827100220740e+03
1.127828853911298438e+03
5.880281207274874760e+02
3.368307853349461993e+02
1.981392658546302243e+02
1.351388039686665934e+02
9.183053069892798703e+01
5.761598927753623656e+01
3.641898101276967026e+01
2.416343532435775288e+01
1.579931079458985543e+01
8.765114313348771446e+00
3.920449613602505323e+00
1.817222104900194646e+00
1.004281212810719692e+00
8.867855780323341541e-01
4.129590750122607568e-01
1.551144621936379198e-01
4.886585642832997900e-01
