# P_lin(k) [(Mpc/h)^3]
1.776982708163484494e+04
2.136752147758695719e+04
2.389474698333588822e+04
2.400042363408298843e+04
2.064226416147578129e+04
1.508930485041819702e+04
1.110433148821072609e+04
7.877797096047475861e+03
4.457742086365223258e+03
2.473938343462182274e+03
1.339176667199632448e+03
6.864505827009892300e+02
3.267088710864298946e+02
1.502833357961757486e+02
6.683561071543213927e+01
2.890298396884295329e+01
1.220674387027320940e+01
5.052428228848938829e+00
2.055360684800586313e+00
8.237390688389026883e-01
