# k_non-lin [Mpc^-1], z
5.840084008400840687e-02 0.000000000000000000e+00
5.850085008500850725e-02 1.000000000000000021e-02
5.858085808580858200e-02 2.000000000000000042e-02
5.868086808680868238e-02 2.999999999999999889e-02
5.878087808780878276e-02 4.000000000000000083e-02
5.888088808880888314e-02 5.000000000000000278e-02
5.898089808980898352e-02 5.999999999999999778e-02
5.906090609060906521e-02 7.000000000000000666e-02
5.916091609160916559e-02 8.000000000000000167e-02
5.926092609260926597e-02 8.999999999999999667e-02
5.936093609360936635e-02 1.000000000000000056e-01
5.946094609460945979e-02 1.100000000000000006e-01
5.956095609560956017e-02 1.199999999999999956e-01
5.966096609660966055e-02 1.300000000000000044e-01
5.978097809780978655e-02 1.400000000000000133e-01
5.988098809880988693e-02 1.499999999999999944e-01
5.998099809980998731e-02 1.600000000000000033e-01
6.008100810081008769e-02 1.700000000000000122e-01
6.018101810181018807e-02 1.799999999999999933e-01
6.030103010301030020e-02 1.900000000000000022e-01
6.040104010401040058e-02 2.000000000000000111e-01
6.050105010501050096e-02 2.099999999999999922e-01
6.062106210621062696e-02 2.200000000000000011e-01
6.072107210721072734e-02 2.300000000000000100e-01
6.082108210821082772e-02 2.399999999999999911e-01
6.094109410941094679e-02 2.500000000000000000e-01
6.106110611061106586e-02 2.600000000000000089e-01
6.116111611161116624e-02 2.700000000000000178e-01
6.128112811281128530e-02 2.800000000000000266e-01
6.138113811381138568e-02 2.899999999999999800e-01
6.150115011501150475e-02 2.999999999999999889e-01
6.162116211621162382e-02 3.099999999999999978e-01
6.172117211721172420e-02 3.200000000000000067e-01
6.184118411841184326e-02 3.300000000000000155e-01
6.196119611961196233e-02 3.400000000000000244e-01
6.208120812081208140e-02 3.500000000000000333e-01
6.220122012201220740e-02 3.599999999999999867e-01
6.230123012301230778e-02 3.699999999999999956e-01
6.242124212421242685e-02 3.800000000000000044e-01
6.254125412541254592e-02 3.900000000000000133e-01
6.266126612661265805e-02 4.000000000000000222e-01
6.278127812781278405e-02 4.100000000000000311e-01
6.290129012901291006e-02 4.199999999999999845e-01
6.302130213021302219e-02 4.299999999999999933e-01
6.316131613161315994e-02 4.400000000000000022e-01
6.328132813281328595e-02 4.500000000000000111e-01
6.340134013401341195e-02 4.600000000000000200e-01
6.352135213521352408e-02 4.700000000000000289e-01
6.364136413641365009e-02 4.799999999999999822e-01
6.378137813781378784e-02 4.899999999999999911e-01
6.390139013901389997e-02 5.000000000000000000e-01
6.402140214021402598e-02 5.100000000000000089e-01
6.416141614161416373e-02 5.200000000000000178e-01
6.428142814281428974e-02 5.300000000000000266e-01
6.442144214421442749e-02 5.400000000000000355e-01
6.456145614561456525e-02 5.500000000000000444e-01
6.468146814681469126e-02 5.600000000000000533e-01
6.482148214821482901e-02 5.700000000000000622e-01
6.494149414941494114e-02 5.799999999999999600e-01
6.508150815081507889e-02 5.899999999999999689e-01
6.522152215221523053e-02 5.999999999999999778e-01
6.536153615361536828e-02 6.099999999999999867e-01
6.548154815481548041e-02 6.199999999999999956e-01
6.562156215621561817e-02 6.300000000000000044e-01
6.576157615761576980e-02 6.400000000000000133e-01
6.590159015901590756e-02 6.500000000000000222e-01
6.604160416041604531e-02 6.600000000000000311e-01
6.618161816181618307e-02 6.700000000000000400e-01
6.632163216321632082e-02 6.800000000000000488e-01
6.648164816481648420e-02 6.900000000000000577e-01
6.662166216621662196e-02 7.000000000000000666e-01
6.676167616761677359e-02 7.099999999999999645e-01
6.690169016901689747e-02 7.199999999999999734e-01
6.706170617061706085e-02 7.299999999999999822e-01
6.720172017201719861e-02 7.399999999999999911e-01
6.734173417341735024e-02 7.500000000000000000e-01
6.750175017501749974e-02 7.600000000000000089e-01
6.764176417641765138e-02 7.700000000000000178e-01
6.780178017801780088e-02 7.800000000000000266e-01
6.796179617961796426e-02 7.900000000000000355e-01
6.810181018101810202e-02 8.000000000000000444e-01
6.826182618261826540e-02 8.100000000000000533e-01
6.842184218421842878e-02 8.200000000000000622e-01
6.858185818581857829e-02 8.300000000000000711e-01
6.874187418741874167e-02 8.399999999999999689e-01
6.890189018901890505e-02 8.499999999999999778e-01
6.906190619061906844e-02 8.599999999999999867e-01
6.922192219221923182e-02 8.699999999999999956e-01
6.938193819381938132e-02 8.800000000000000044e-01
6.956195619561957033e-02 8.900000000000000133e-01
6.972197219721973371e-02 9.000000000000000222e-01
6.988198819881988322e-02 9.100000000000000311e-01
7.006200620062005835e-02 9.200000000000000400e-01
7.022202220222022173e-02 9.300000000000000488e-01
7.040204020402041074e-02 9.400000000000000577e-01
7.058205820582058587e-02 9.500000000000000666e-01
7.074207420742074925e-02 9.599999999999999645e-01
7.092209220922092439e-02 9.699999999999999734e-01
7.110211021102111340e-02 9.799999999999999822e-01
7.128212821282128853e-02 9.899999999999999911e-01
7.146214621462146366e-02 1.000000000000000000e+00
7.164216421642163879e-02 1.010000000000000009e+00
7.184218421842183955e-02 1.020000000000000018e+00
7.202220222022202856e-02 1.030000000000000027e+00
7.220222022202220369e-02 1.040000000000000036e+00
7.240224022402240445e-02 1.050000000000000044e+00
7.258225822582259346e-02 1.060000000000000053e+00
7.278227822782279421e-02 1.070000000000000062e+00
7.298229822982298109e-02 1.080000000000000071e+00
7.318231823182318185e-02 1.090000000000000080e+00
7.338233823382338261e-02 1.100000000000000089e+00
7.358235823582358337e-02 1.110000000000000098e+00
7.378237823782378413e-02 1.120000000000000107e+00
7.398239823982398489e-02 1.130000000000000115e+00
7.418241824182418565e-02 1.140000000000000124e+00
7.440244024402439815e-02 1.150000000000000133e+00
7.460246024602459891e-02 1.159999999999999920e+00
7.482248224822482530e-02 1.169999999999999929e+00
7.504250425042505168e-02 1.179999999999999938e+00
7.526252625262526419e-02 1.189999999999999947e+00
7.546254625462546495e-02 1.199999999999999956e+00
7.570257025702570308e-02 1.209999999999999964e+00
7.592259225922592947e-02 1.219999999999999973e+00
7.614261426142614197e-02 1.229999999999999982e+00
7.636263626362636836e-02 1.239999999999999991e+00
7.660266026602660649e-02 1.250000000000000000e+00
7.682268226822683288e-02 1.260000000000000009e+00
7.706270627062707101e-02 1.270000000000000018e+00
7.730273027302730915e-02 1.280000000000000027e+00
7.752275227522752166e-02 1.290000000000000036e+00
7.776277627762775979e-02 1.300000000000000044e+00
7.800280028002801180e-02 1.310000000000000053e+00
7.824282428242824994e-02 1.320000000000000062e+00
7.848284828482848807e-02 1.330000000000000071e+00
7.872287228722872621e-02 1.340000000000000080e+00
7.896289628962896434e-02 1.350000000000000089e+00
7.920292029202920248e-02 1.360000000000000098e+00
7.946294629462946624e-02 1.370000000000000107e+00
7.972297229722973000e-02 1.380000000000000115e+00
7.996299629962996813e-02 1.390000000000000124e+00
8.022302230223023189e-02 1.400000000000000133e+00
8.048304830483048178e-02 1.409999999999999920e+00
8.074307430743074554e-02 1.419999999999999929e+00
8.100310031003100930e-02 1.429999999999999938e+00
8.126312631263127306e-02 1.439999999999999947e+00
8.152315231523152295e-02 1.449999999999999956e+00
8.176317631763177496e-02 1.459999999999999964e+00
8.202320232023202484e-02 1.469999999999999973e+00
8.228322832283228860e-02 1.479999999999999982e+00
8.254325432543255237e-02 1.489999999999999991e+00
8.280328032803280225e-02 1.500000000000000000e+00
8.306330633063306601e-02 1.510000000000000009e+00
8.332333233323332977e-02 1.520000000000000018e+00
8.358335833583357966e-02 1.530000000000000027e+00
8.384338433843385729e-02 1.540000000000000036e+00
8.410341034103410718e-02 1.550000000000000044e+00
8.434343434343434531e-02 1.560000000000000053e+00
8.460346034603460907e-02 1.570000000000000062e+00
8.486348634863485896e-02 1.580000000000000071e+00
8.512351235123513660e-02 1.590000000000000080e+00
8.538353835383538648e-02 1.600000000000000089e+00
8.564356435643565024e-02 1.610000000000000098e+00
8.590359035903591400e-02 1.620000000000000107e+00
8.614361436143613826e-02 1.630000000000000115e+00
8.640364036403641590e-02 1.640000000000000124e+00
8.666366636663666578e-02 1.650000000000000133e+00
8.690369036903691780e-02 1.660000000000000142e+00
8.716371637163716768e-02 1.669999999999999929e+00
8.740374037403740581e-02 1.679999999999999938e+00
8.766376637663766958e-02 1.689999999999999947e+00
8.790379037903790771e-02 1.699999999999999956e+00
8.814381438143814584e-02 1.709999999999999964e+00
8.838383838383839786e-02 1.719999999999999973e+00
8.862386238623862211e-02 1.729999999999999982e+00
8.886388638863887413e-02 1.739999999999999991e+00
8.910391039103909838e-02 1.750000000000000000e+00
8.934393439343935039e-02 1.760000000000000009e+00
8.958395839583958853e-02 1.770000000000000018e+00
8.982398239823982666e-02 1.780000000000000027e+00
9.006400640064006480e-02 1.790000000000000036e+00
9.030403040304030293e-02 1.800000000000000044e+00
9.052405240524052932e-02 1.810000000000000053e+00
9.076407640764076745e-02 1.820000000000000062e+00
9.100410041004100559e-02 1.830000000000000071e+00
9.122412241224123197e-02 1.840000000000000080e+00
9.146414641464147011e-02 1.850000000000000089e+00
9.168416841684168261e-02 1.860000000000000098e+00
9.192419241924193463e-02 1.870000000000000107e+00
9.214421442144214713e-02 1.880000000000000115e+00
9.238423842384238527e-02 1.890000000000000124e+00
9.260426042604261165e-02 1.900000000000000133e+00
9.282428242824283804e-02 1.910000000000000142e+00
9.304430443044305055e-02 1.919999999999999929e+00
9.326432643264326305e-02 1.929999999999999938e+00
9.348434843484348944e-02 1.939999999999999947e+00
9.370437043704371582e-02 1.949999999999999956e+00
9.392439243924392833e-02 1.959999999999999964e+00
9.414441444144414084e-02 1.969999999999999973e+00
9.436443644364436723e-02 1.979999999999999982e+00
9.458445844584459361e-02 1.989999999999999991e+00
9.478447844784479437e-02 2.000000000000000000e+00
9.500450045004500688e-02 2.010000000000000231e+00
9.522452245224521938e-02 2.020000000000000018e+00
9.544454445444544577e-02 2.030000000000000249e+00
9.564456445644564653e-02 2.040000000000000036e+00
9.586458645864587291e-02 2.049999999999999822e+00
9.608460846084608542e-02 2.060000000000000053e+00
9.628462846284628618e-02 2.069999999999999840e+00
9.650465046504649869e-02 2.080000000000000071e+00
9.670467046704669944e-02 2.089999999999999858e+00
9.692469246924692583e-02 2.100000000000000089e+00
9.712471247124712659e-02 2.109999999999999876e+00
9.734473447344735297e-02 2.120000000000000107e+00
9.754475447544755373e-02 2.129999999999999893e+00
9.776477647764776624e-02 2.140000000000000124e+00
9.796479647964796700e-02 2.149999999999999911e+00
9.816481648164816776e-02 2.160000000000000142e+00
9.838483848384838026e-02 2.169999999999999929e+00
9.858485848584858102e-02 2.180000000000000160e+00
9.878487848784878178e-02 2.189999999999999947e+00
9.900490049004900817e-02 2.200000000000000178e+00
9.920492049204920892e-02 2.209999999999999964e+00
9.940494049404940968e-02 2.220000000000000195e+00
9.962496249624963607e-02 2.229999999999999982e+00
9.982498249824983683e-02 2.240000000000000213e+00
1.000250025002500376e-01 2.250000000000000000e+00
1.002250225022502383e-01 2.260000000000000231e+00
1.004450445044504509e-01 2.270000000000000018e+00
1.006450645064506516e-01 2.280000000000000249e+00
1.008450845084508524e-01 2.290000000000000036e+00
1.010651065106510649e-01 2.300000000000000266e+00
1.012651265126512656e-01 2.310000000000000053e+00
1.014651465146514664e-01 2.319999999999999840e+00
1.016851685168516928e-01 2.330000000000000071e+00
1.018851885188518935e-01 2.339999999999999858e+00
1.020852085208520943e-01 2.350000000000000089e+00
1.023052305230523068e-01 2.359999999999999876e+00
1.025052505250525076e-01 2.370000000000000107e+00
1.027252725272527201e-01 2.379999999999999893e+00
1.029252925292529208e-01 2.390000000000000124e+00
1.031453145314531472e-01 2.399999999999999911e+00
1.033453345334533480e-01 2.410000000000000142e+00
1.035653565356535744e-01 2.419999999999999929e+00
1.037653765376537751e-01 2.430000000000000160e+00
1.039853985398539876e-01 2.439999999999999947e+00
1.041854185418541884e-01 2.450000000000000178e+00
1.044054405440544009e-01 2.459999999999999964e+00
1.046254625462546273e-01 2.470000000000000195e+00
1.048254825482548280e-01 2.479999999999999982e+00
1.050455045504550544e-01 2.490000000000000213e+00
1.052655265526552669e-01 2.500000000000000000e+00
1.054855485548554933e-01 2.510000000000000231e+00
1.056855685568556802e-01 2.520000000000000018e+00
1.059055905590559066e-01 2.530000000000000249e+00
1.061256125612561330e-01 2.540000000000000036e+00
1.063456345634563593e-01 2.550000000000000266e+00
1.065656565656565719e-01 2.560000000000000053e+00
1.067856785678567844e-01 2.569999999999999840e+00
1.070257025702570364e-01 2.580000000000000071e+00
1.072457245724572489e-01 2.589999999999999858e+00
1.074657465746574614e-01 2.600000000000000089e+00
1.076857685768576878e-01 2.609999999999999876e+00
1.079257925792579398e-01 2.620000000000000107e+00
1.081458145814581523e-01 2.629999999999999893e+00
1.083858385838583904e-01 2.640000000000000124e+00
1.086258625862586286e-01 2.649999999999999911e+00
1.088458845884588411e-01 2.660000000000000142e+00
1.090859085908590931e-01 2.669999999999999929e+00
1.093259325932593312e-01 2.680000000000000160e+00
1.095659565956595694e-01 2.689999999999999947e+00
1.098059805980598075e-01 2.700000000000000178e+00
1.100460046004600456e-01 2.709999999999999964e+00
1.103060306030603094e-01 2.720000000000000195e+00
1.105460546054605475e-01 2.729999999999999982e+00
1.107860786078607995e-01 2.740000000000000213e+00
1.110461046104610494e-01 2.750000000000000000e+00
1.113061306130613132e-01 2.760000000000000231e+00
1.115461546154615513e-01 2.770000000000000018e+00
1.118061806180618012e-01 2.780000000000000249e+00
1.120662066206620788e-01 2.790000000000000036e+00
1.123262326232623287e-01 2.800000000000000266e+00
1.125862586258625925e-01 2.810000000000000053e+00
1.128662866286628680e-01 2.819999999999999840e+00
1.131263126312631317e-01 2.830000000000000071e+00
1.134063406340634073e-01 2.839999999999999858e+00
1.136663666366636710e-01 2.850000000000000089e+00
1.139463946394639465e-01 2.859999999999999876e+00
1.142264226422642359e-01 2.870000000000000107e+00
1.145064506450645114e-01 2.879999999999999893e+00
1.148064806480648126e-01 2.890000000000000124e+00
1.150865086508650881e-01 2.899999999999999911e+00
1.153865386538653892e-01 2.910000000000000142e+00
1.156665666566656647e-01 2.919999999999999929e+00
1.159665966596659659e-01 2.930000000000000160e+00
1.162666266626662670e-01 2.939999999999999947e+00
1.165866586658665938e-01 2.950000000000000178e+00
1.168866886688668949e-01 2.959999999999999964e+00
1.172067206720672078e-01 2.970000000000000195e+00
1.175067506750675089e-01 2.979999999999999982e+00
1.178267826782678357e-01 2.990000000000000213e+00
1.181468146814681486e-01 3.000000000000000000e+00
1.184668466846684753e-01 3.010000000000000231e+00
1.188068806880688139e-01 3.020000000000000018e+00
1.191269126912691267e-01 3.030000000000000249e+00
1.194669466946694653e-01 3.040000000000000036e+00
1.198069806980698176e-01 3.050000000000000266e+00
1.201470147014701562e-01 3.060000000000000053e+00
1.204870487048704947e-01 3.070000000000000284e+00
1.208270827082708332e-01 3.080000000000000071e+00
1.211671167116711717e-01 3.089999999999999858e+00
1.215271527152715358e-01 3.100000000000000089e+00
1.218671867186718744e-01 3.109999999999999876e+00
1.222272227222722385e-01 3.120000000000000107e+00
1.225672567256725770e-01 3.129999999999999893e+00
1.229272927292729273e-01 3.140000000000000124e+00
1.232873287328732914e-01 3.149999999999999911e+00
1.236273627362736299e-01 3.160000000000000142e+00
1.239873987398739941e-01 3.169999999999999929e+00
1.243474347434743582e-01 3.180000000000000160e+00
1.247074707470747085e-01 3.189999999999999947e+00
1.250675067506750726e-01 3.200000000000000178e+00
1.254075407540753972e-01 3.209999999999999964e+00
1.257675767576757753e-01 3.220000000000000195e+00
1.261276127612761533e-01 3.229999999999999982e+00
1.264876487648765035e-01 3.240000000000000213e+00
1.268276827682768282e-01 3.250000000000000000e+00
1.271877187718771784e-01 3.260000000000000231e+00
1.275477547754775565e-01 3.270000000000000018e+00
1.278877887788779089e-01 3.280000000000000249e+00
1.282478247824782591e-01 3.290000000000000036e+00
1.285878587858785838e-01 3.300000000000000266e+00
1.289278927892789361e-01 3.310000000000000053e+00
1.292879287928792864e-01 3.320000000000000284e+00
1.296279627962796388e-01 3.330000000000000071e+00
1.299679967996799634e-01 3.339999999999999858e+00
1.303080308030803158e-01 3.350000000000000089e+00
1.306280628062806426e-01 3.359999999999999876e+00
1.309680968096809672e-01 3.370000000000000107e+00
1.313081308130813196e-01 3.379999999999999893e+00
1.316281628162816464e-01 3.390000000000000124e+00
1.319681968196819710e-01 3.399999999999999911e+00
1.322882288228822978e-01 3.410000000000000142e+00
1.326082608260826246e-01 3.419999999999999929e+00
1.329282928292829236e-01 3.430000000000000160e+00
1.332483248324832503e-01 3.439999999999999947e+00
1.335683568356835771e-01 3.450000000000000178e+00
1.338883888388838761e-01 3.459999999999999964e+00
1.341884188418842050e-01 3.470000000000000195e+00
1.345084508450845040e-01 3.479999999999999982e+00
1.348084808480848329e-01 3.490000000000000213e+00
1.351285128512851319e-01 3.500000000000000000e+00
1.354285428542854330e-01 3.510000000000000231e+00
1.357285728572857342e-01 3.520000000000000018e+00
1.360286028602860353e-01 3.530000000000000249e+00
1.363286328632863365e-01 3.540000000000000036e+00
1.366286628662866376e-01 3.550000000000000266e+00
1.369286928692869387e-01 3.560000000000000053e+00
1.372287228722872399e-01 3.570000000000000284e+00
1.375287528752875410e-01 3.580000000000000071e+00
1.378087808780878165e-01 3.589999999999999858e+00
1.381088108810881177e-01 3.600000000000000089e+00
1.383888388838883932e-01 3.609999999999999876e+00
1.386888688868886943e-01 3.620000000000000107e+00
1.389688968896889698e-01 3.629999999999999893e+00
1.392489248924892453e-01 3.640000000000000124e+00
1.395489548954895742e-01 3.649999999999999911e+00
1.398289828982898220e-01 3.660000000000000142e+00
1.401090109010901252e-01 3.669999999999999929e+00
1.403890389038904007e-01 3.680000000000000160e+00
1.406690669066906763e-01 3.689999999999999947e+00
1.409490949094909518e-01 3.700000000000000178e+00
1.412291229122912273e-01 3.709999999999999964e+00
1.415091509150915305e-01 3.720000000000000195e+00
1.417891789178917783e-01 3.729999999999999982e+00
1.420692069206920816e-01 3.740000000000000213e+00
1.423492349234923571e-01 3.750000000000000000e+00
1.426292629262926326e-01 3.760000000000000231e+00
1.429092909290929359e-01 3.770000000000000018e+00
1.431893189318931836e-01 3.780000000000000249e+00
1.434693469346934869e-01 3.790000000000000036e+00
1.437493749374937346e-01 3.800000000000000266e+00
1.440294029402940379e-01 3.810000000000000053e+00
1.443094309430943134e-01 3.820000000000000284e+00
1.445894589458945889e-01 3.830000000000000071e+00
1.448694869486948922e-01 3.839999999999999858e+00
1.451495149514951399e-01 3.850000000000000089e+00
1.454295429542954432e-01 3.859999999999999876e+00
1.457095709570957187e-01 3.870000000000000107e+00
1.459895989598959942e-01 3.879999999999999893e+00
1.462696269626962697e-01 3.890000000000000124e+00
1.465496549654965452e-01 3.899999999999999911e+00
1.468296829682968485e-01 3.910000000000000142e+00
1.471297129712971219e-01 3.919999999999999929e+00
1.474097409740974252e-01 3.930000000000000160e+00
1.476897689768977007e-01 3.939999999999999947e+00
1.479697969796979762e-01 3.950000000000000178e+00
1.482698269826982773e-01 3.959999999999999964e+00
1.485498549854985528e-01 3.970000000000000195e+00
1.488498849884988540e-01 3.979999999999999982e+00
1.491299129912991295e-01 3.990000000000000213e+00
1.494299429942994306e-01 4.000000000000000000e+00
1.497099709970997061e-01 4.009999999999999787e+00
1.500100010001000350e-01 4.020000000000000462e+00
1.503100310031003084e-01 4.030000000000000249e+00
1.506100610061006095e-01 4.040000000000000036e+00
1.509100910091009107e-01 4.049999999999999822e+00
1.512101210121012118e-01 4.060000000000000497e+00
1.515101510151015130e-01 4.070000000000000284e+00
1.518101810181018141e-01 4.080000000000000071e+00
1.521302130213021409e-01 4.089999999999999858e+00
1.524302430243024420e-01 4.099999999999999645e+00
1.527502750275027688e-01 4.110000000000000320e+00
1.530503050305030421e-01 4.120000000000000107e+00
1.533703370337033967e-01 4.129999999999999893e+00
1.536903690369036957e-01 4.139999999999999680e+00
1.540104010401040224e-01 4.150000000000000355e+00
1.543304330433043492e-01 4.160000000000000142e+00
1.546704670467046738e-01 4.169999999999999929e+00
1.549904990499050006e-01 4.179999999999999716e+00
1.553105310531053274e-01 4.190000000000000391e+00
1.556505650565056520e-01 4.200000000000000178e+00
1.559905990599059766e-01 4.209999999999999964e+00
1.563306330633063568e-01 4.219999999999999751e+00
1.566706670667066814e-01 4.230000000000000426e+00
1.570107010701070060e-01 4.240000000000000213e+00
1.573707370737073563e-01 4.250000000000000000e+00
1.577307730773077343e-01 4.259999999999999787e+00
1.580708070807080867e-01 4.270000000000000462e+00
1.584308430843084370e-01 4.280000000000000249e+00
1.587908790879087872e-01 4.290000000000000036e+00
1.591709170917091631e-01 4.299999999999999822e+00
1.595309530953095412e-01 4.310000000000000497e+00
1.599109910991099170e-01 4.320000000000000284e+00
1.602910291029102929e-01 4.330000000000000071e+00
1.606710671067106966e-01 4.339999999999999858e+00
1.610511051105110725e-01 4.350000000000000533e+00
1.614311431143114484e-01 4.360000000000000320e+00
1.618311831183118499e-01 4.370000000000000107e+00
1.622112211221122258e-01 4.379999999999999893e+00
1.626112611261126273e-01 4.389999999999999680e+00
1.630113011301130288e-01 4.400000000000000355e+00
1.634113411341134303e-01 4.410000000000000142e+00
1.638113811381138318e-01 4.419999999999999929e+00
1.642114211421142334e-01 4.429999999999999716e+00
1.646114611461146349e-01 4.440000000000000391e+00
1.650115011501150364e-01 4.450000000000000178e+00
1.654315431543154358e-01 4.459999999999999964e+00
1.658315831583158373e-01 4.469999999999999751e+00
1.662516251625162644e-01 4.480000000000000426e+00
1.666516651665166382e-01 4.490000000000000213e+00
1.670717071707170653e-01 4.500000000000000000e+00
1.674917491749174925e-01 4.509999999999999787e+00
1.678917891789178940e-01 4.520000000000000462e+00
1.683118311831183211e-01 4.530000000000000249e+00
1.687318731873187483e-01 4.540000000000000036e+00
1.691319131913191498e-01 4.549999999999999822e+00
1.695519551955195769e-01 4.560000000000000497e+00
1.699519951995199785e-01 4.570000000000000284e+00
1.703720372037203779e-01 4.580000000000000071e+00
1.707720772077207794e-01 4.589999999999999858e+00
1.711921192119211788e-01 4.600000000000000533e+00
1.715921592159215803e-01 4.610000000000000320e+00
1.719921992199219818e-01 4.620000000000000107e+00
1.724122412241224089e-01 4.629999999999999893e+00
1.728122812281228105e-01 4.639999999999999680e+00
1.732123212321232120e-01 4.650000000000000355e+00
1.736123612361236135e-01 4.660000000000000142e+00
1.740124012401240150e-01 4.669999999999999929e+00
1.744124412441244165e-01 4.679999999999999716e+00
1.747924792479247924e-01 4.690000000000000391e+00
1.751925192519251939e-01 4.700000000000000178e+00
1.755725572557255698e-01 4.709999999999999964e+00
1.759725972597259713e-01 4.719999999999999751e+00
1.763526352635263472e-01 4.730000000000000426e+00
1.767526752675267487e-01 4.740000000000000213e+00
1.771327132713271246e-01 4.750000000000000000e+00
1.775127512751275005e-01 4.759999999999999787e+00
1.778927892789278764e-01 4.770000000000000462e+00
1.782728272827282523e-01 4.780000000000000249e+00
1.786528652865286837e-01 4.790000000000000036e+00
1.790129012901290340e-01 4.799999999999999822e+00
1.793929392939294098e-01 4.810000000000000497e+00
1.797729772977297857e-01 4.820000000000000284e+00
1.801330133013301360e-01 4.830000000000000071e+00
1.804930493049304863e-01 4.839999999999999858e+00
1.808730873087308622e-01 4.850000000000000533e+00
1.812331233123312679e-01 4.860000000000000320e+00
1.815931593159316182e-01 4.870000000000000107e+00
1.819531953195319685e-01 4.879999999999999893e+00
1.823132313231323187e-01 4.889999999999999680e+00
1.826732673267326690e-01 4.900000000000000355e+00
1.830333033303330192e-01 4.910000000000000142e+00
1.833733373337333994e-01 4.919999999999999929e+00
1.837333733373337497e-01 4.929999999999999716e+00
1.840934093409340999e-01 4.940000000000000391e+00
1.844534453445344502e-01 4.950000000000000178e+00
1.847934793479347748e-01 4.959999999999999964e+00
1.851535153515351806e-01 4.969999999999999751e+00
1.854935493549355052e-01 4.980000000000000426e+00
1.858535853585358555e-01 4.990000000000000213e+00
1.862136213621362058e-01 5.000000000000000000e+00
1.865536553655365859e-01 5.009999999999999787e+00
1.869136913691369362e-01 5.020000000000000462e+00
1.872737273727372864e-01 5.030000000000000249e+00
1.876137613761376111e-01 5.040000000000000036e+00
1.879737973797379613e-01 5.049999999999999822e+00
1.883338333833383671e-01 5.060000000000000497e+00
1.886738673867386917e-01 5.070000000000000284e+00
1.890339033903390420e-01 5.080000000000000071e+00
1.893939393939393923e-01 5.089999999999999858e+00
1.897539753975397425e-01 5.100000000000000533e+00
1.900940094009401227e-01 5.110000000000000320e+00
1.904540454045404729e-01 5.120000000000000107e+00
1.908140814081408232e-01 5.129999999999999893e+00
1.911741174117411735e-01 5.139999999999999680e+00
1.915341534153415237e-01 5.150000000000000355e+00
1.918941894189418740e-01 5.160000000000000142e+00
1.922742274227423054e-01 5.169999999999999929e+00
1.926342634263426556e-01 5.179999999999999716e+00
1.929942994299430059e-01 5.190000000000000391e+00
1.933543354335433562e-01 5.200000000000000178e+00
1.937343734373437321e-01 5.209999999999999964e+00
1.940944094409440823e-01 5.219999999999999751e+00
1.944544454445444881e-01 5.230000000000000426e+00
1.948344834483448640e-01 5.240000000000000213e+00
1.952145214521452399e-01 5.250000000000000000e+00
1.955745574557455901e-01 5.259999999999999787e+00
1.959545954595459660e-01 5.270000000000000462e+00
1.963346334633463419e-01 5.280000000000000249e+00
1.967346734673467434e-01 5.290000000000000036e+00
1.971147114711471193e-01 5.299999999999999822e+00
1.974947494749474952e-01 5.310000000000000497e+00
1.978947894789478967e-01 5.320000000000000284e+00
1.982948294829482982e-01 5.330000000000000071e+00
1.986948694869486998e-01 5.339999999999999858e+00
1.990949094909491013e-01 5.350000000000000533e+00
1.995149514951495284e-01 5.360000000000000320e+00
1.999149914991499299e-01 5.370000000000000107e+00
2.003350335033503571e-01 5.379999999999999893e+00
2.007350735073507586e-01 5.389999999999999680e+00
2.011551155115511857e-01 5.400000000000000355e+00
2.015751575157515574e-01 5.410000000000000142e+00
2.019951995199519845e-01 5.419999999999999929e+00
2.024352435243524373e-01 5.429999999999999716e+00
2.028552855285528644e-01 5.440000000000000391e+00
2.032753275327532916e-01 5.450000000000000178e+00
2.037153715371537444e-01 5.459999999999999964e+00
2.041554155415541416e-01 5.469999999999999751e+00
2.045754575457545688e-01 5.480000000000000426e+00
2.050155015501550215e-01 5.490000000000000213e+00
2.054755475547554999e-01 5.500000000000000000e+00
2.059155915591558972e-01 5.509999999999999787e+00
2.063556355635563500e-01 5.520000000000000462e+00
2.068156815681568284e-01 5.530000000000000249e+00
2.072757275727573067e-01 5.540000000000000036e+00
2.077157715771577040e-01 5.549999999999999822e+00
2.081758175817581824e-01 5.560000000000000497e+00
2.086558655865586864e-01 5.570000000000000284e+00
2.091159115911591093e-01 5.580000000000000071e+00
2.095759575957595877e-01 5.589999999999999858e+00
2.100360036003600661e-01 5.600000000000000533e+00
2.105160516051605146e-01 5.610000000000000320e+00
2.109760976097609930e-01 5.620000000000000107e+00
2.114561456145614415e-01 5.629999999999999893e+00
2.119161916191619199e-01 5.639999999999999680e+00
2.123962396239624240e-01 5.650000000000000355e+00
2.128562856285628468e-01 5.660000000000000142e+00
2.133363336333633509e-01 5.669999999999999929e+00
2.137963796379638293e-01 5.679999999999999716e+00
2.142764276427642778e-01 5.690000000000000391e+00
2.147364736473647562e-01 5.700000000000000178e+00
2.152165216521652047e-01 5.709999999999999964e+00
2.156765676567656831e-01 5.719999999999999751e+00
2.161566156615661871e-01 5.730000000000000426e+00
2.166166616661666100e-01 5.740000000000000213e+00
2.170967096709671140e-01 5.750000000000000000e+00
2.175567556755675924e-01 5.759999999999999787e+00
2.180368036803680409e-01 5.770000000000000462e+00
2.184968496849685193e-01 5.780000000000000249e+00
2.189568956895689422e-01 5.790000000000000036e+00
2.194369436943694462e-01 5.799999999999999822e+00
2.198969896989699246e-01 5.810000000000000497e+00
2.203570357035703475e-01 5.820000000000000284e+00
2.207970797079708003e-01 5.830000000000000071e+00
2.212571257125712787e-01 5.839999999999999858e+00
2.217171717171717016e-01 5.850000000000000533e+00
2.221572157215721544e-01 5.860000000000000320e+00
2.226172617261726328e-01 5.870000000000000107e+00
2.230773077307731111e-01 5.879999999999999893e+00
2.235173517351735084e-01 5.889999999999999680e+00
2.239773977397739868e-01 5.900000000000000355e+00
2.244174417441744396e-01 5.910000000000000142e+00
2.248774877487748625e-01 5.919999999999999929e+00
2.253175317531753152e-01 5.929999999999999716e+00
2.257775777577757936e-01 5.940000000000000391e+00
2.262176217621762464e-01 5.950000000000000178e+00
2.266776677667766693e-01 5.959999999999999964e+00
2.271177117711771221e-01 5.969999999999999751e+00
2.275577557755775748e-01 5.980000000000000426e+00
2.280178017801780532e-01 5.990000000000000213e+00
2.284578457845784505e-01 6.000000000000000000e+00
2.288978897889789033e-01 6.009999999999999787e+00
2.293379337933793560e-01 6.020000000000000462e+00
2.297779777977798088e-01 6.030000000000000249e+00
2.302380238023802317e-01 6.040000000000000036e+00
2.306780678067806845e-01 6.049999999999999822e+00
2.311181118111811372e-01 6.060000000000000497e+00
2.315581558155815900e-01 6.070000000000000284e+00
2.320182018201820129e-01 6.080000000000000071e+00
2.324582458245824657e-01 6.089999999999999858e+00
2.328982898289829184e-01 6.100000000000000533e+00
2.333583358335833413e-01 6.110000000000000320e+00
2.337983798379837941e-01 6.120000000000000107e+00
2.342584258425842725e-01 6.129999999999999893e+00
2.346984698469847253e-01 6.140000000000000568e+00
2.351585158515851481e-01 6.150000000000000355e+00
2.355985598559856009e-01 6.160000000000000142e+00
2.360586058605860793e-01 6.169999999999999929e+00
2.365186518651865022e-01 6.179999999999999716e+00
2.369786978697869806e-01 6.190000000000000391e+00
2.374187418741874334e-01 6.200000000000000178e+00
2.378787878787879118e-01 6.209999999999999964e+00
2.383588358835883603e-01 6.219999999999999751e+00
2.388188818881888387e-01 6.230000000000000426e+00
2.392789278927892616e-01 6.240000000000000213e+00
2.397589758975897656e-01 6.250000000000000000e+00
